           1
           2
           3
           4
           5
           6
           7
           8
           9
          10
          11
          12
         361
         364
         365
         366
         367
         368
         369
         370
         371
         372
         373
         374
         375
         376
         377
         378
         379
         380
         381
         382
         383
         384
         385
         386
         387
         388
         390
         745
         746
         748
         749
         750
         751
         752
         753
         754
         755
         756
         757
         758
         759
         760
         761
         762
        1129
        1133
        1134
        1137
        1138
       20142
       20143
       20144
       20147
       20148
       20511
       20512
       20515
       20516
       20518
       20519
       20520
       20521
       20522
       20523
       20524
       20525
       20526
       20527
       20528
       20530
       20531
       20532
       20885
       20886
       20887
       20888
       20889
       20890
       20891
       20892
       20893
       20894
       20895
       20896
       20897
       20898
       20899
       20900
